REMARK 265 
REMARK 265 EXPERIMENT TYPE : X-RAY SOLUTION SCATTERING
REMARK 265 DATA ACQUISITION
REMARK 265              RADIATION SOURCE : BENDING MAGNET 
REMARK 265             SYNCHROTRON (Y/N) : Y 
REMARK 265                      BEAMLINE : B21 DIAMOND LIGHT SOURCE 
REMARK 265
REMARK 265       DATA REDUCTION SOFTWARE : SCATTER (v 3.1r)
REMARK 265               SOFTWARE AUTHOR : RP RAMBO
REMARK 265        DATA ANALYSIS SOFTWARE : SCATTER (v 3.1r)
REMARK 265               SOFTWARE AUTHOR : RP RAMBO
REMARK 265
REMARK 265 EXPERIMENTAL INFO
REMARK 265  INFORMATION CAN BE ADDED BY DUPLICATING THE NOTE LINE BELOW
REMARK 265
REMARK 265  NOTE :  
REMARK 265
REMARK 265 EXPERIMENTAL DETAILS
REMARK 265 BUFFER COMPOSITION 
REMARK 265          TEMPERATURE (KELVIN) : 298
REMARK 265                            PH : X.X
REMARK 265                 SAMPLE BUFFER : XXX mM HEPES
REMARK 265                 SAMPLE BUFFER : XXX mM KCl
REMARK 265                 SAMPLE BUFFER : X mM TCEP
REMARK 265                 SAMPLE BUFFER : X mM KNitrate
REMARK 265
REMARK 265    COLUMNS : q, I(q), error
REMARK 265          q : defined in inverse Angstroms
4.10494931366E-03	2.01033E-02	3.56239E-03 
4.56105461015E-03	2.18152E-02	1.28236E-03 
5.01715984892E-03	2.28306E-02	8.24875E-04 
5.47326502419E-03	2.23000E-02	5.78385E-04 
5.92937013019E-03	2.15505E-02	4.88074E-04 
6.38547516115E-03	2.08982E-02	4.48186E-04 
6.84158011129E-03	2.07028E-02	3.88768E-04 
7.29768497484E-03	2.09767E-02	3.83675E-04 
7.75378974602E-03	2.18469E-02	3.38871E-04 
8.20989441908E-03	2.15028E-02	3.34552E-04 
8.66599898823E-03	2.12257E-02	3.13797E-04 
9.1221034477E-03	2.06841E-02	2.93126E-04 
9.57820779171E-03	2.13144E-02	2.91387E-04 
1.00343120145E-02	2.11243E-02	2.69774E-04 
1.04904161103E-02	2.13690E-02	2.73902E-04 
1.09465200733E-02	2.07879E-02	2.56888E-04 
1.14026238978E-02	2.05018E-02	2.45767E-04 
1.1858727578E-02	2.07524E-02	2.43432E-04 
1.23148311081E-02	2.07394E-02	2.33315E-04 
1.27709344823E-02	2.05574E-02	2.38014E-04 
1.32270376949E-02	2.06641E-02	2.23006E-04 
1.36831407401E-02	2.00976E-02	2.22434E-04 
1.41392436121E-02	2.05134E-02	2.19901E-04 
1.45953463051E-02	2.02176E-02	2.09130E-04 
1.50514488135E-02	2.00346E-02	2.11877E-04 
1.55075511313E-02	1.99458E-02	1.99062E-04 
1.59636532529E-02	2.01486E-02	2.04813E-04 
1.64197551725E-02	1.99919E-02	1.98021E-04 
1.68758568842E-02	1.96803E-02	1.92309E-04 
1.73319583823E-02	1.96543E-02	1.92573E-04 
1.77880596611E-02	1.93475E-02	1.85031E-04 
1.82441607148E-02	1.93733E-02	1.86651E-04 
1.87002615376E-02	1.93637E-02	1.82164E-04 
1.91563621236E-02	1.94363E-02	1.81042E-04 
1.96124624673E-02	1.91463E-02	1.77905E-04 
2.00685625627E-02	1.90532E-02	1.72198E-04 
2.05246624042E-02	1.90109E-02	1.75334E-04 
2.09807619858E-02	1.86282E-02	1.69068E-04 
2.1436861302E-02	1.86924E-02	1.69243E-04 
2.18929603468E-02	1.87712E-02	1.65862E-04 
2.23490591146E-02	1.86929E-02	1.63685E-04 
2.28051575995E-02	1.85892E-02	1.64007E-04 
2.32612557958E-02	1.83341E-02	1.56582E-04 
2.37173536977E-02	1.82274E-02	1.59953E-04 
2.41734512994E-02	1.82335E-02	1.56090E-04 
2.46295485952E-02	1.80035E-02	1.56363E-04 
2.50856455793E-02	1.76415E-02	1.52830E-04 
2.55417422459E-02	1.74440E-02	1.48319E-04 
2.59978385892E-02	1.76992E-02	1.51731E-04 
2.64539346036E-02	1.75988E-02	1.46089E-04 
2.69100302831E-02	1.73782E-02	1.48233E-04 
2.7366125622E-02	1.73841E-02	1.45702E-04 
2.78222206146E-02	1.70290E-02	1.41656E-04 
2.82783152551E-02	1.68078E-02	1.43952E-04 
2.87344095377E-02	1.69015E-02	1.37659E-04 
2.91905034567E-02	1.68960E-02	1.41433E-04 
2.96465970062E-02	1.68802E-02	1.37171E-04 
3.01026901805E-02	1.65056E-02	1.36435E-04 
3.05587829739E-02	1.61839E-02	1.36718E-04 
3.10148753805E-02	1.60908E-02	1.30908E-04 
3.14709673946E-02	1.62207E-02	1.34609E-04 
3.19270590104E-02	1.60323E-02	1.31056E-04 
3.23831502221E-02	1.59053E-02	1.31199E-04 
3.2839241024E-02	1.56127E-02	1.29300E-04 
3.32953314103E-02	1.55721E-02	1.26437E-04 
3.37514213753E-02	1.52314E-02	1.28708E-04 
3.42075109131E-02	1.53877E-02	1.24245E-04 
3.46636000179E-02	1.51828E-02	1.24330E-04 
3.51196886841E-02	1.50018E-02	1.24479E-04 
3.55757769058E-02	1.48923E-02	1.21930E-04 
3.60318646773E-02	1.48429E-02	1.23488E-04 
3.64879519928E-02	1.47238E-02	1.19663E-04 
3.69440388465E-02	1.44919E-02	1.19921E-04 
3.74001252327E-02	1.44382E-02	1.17848E-04 
3.78562111456E-02	1.40994E-02	1.17638E-04 
3.83122965793E-02	1.40278E-02	1.18313E-04 
3.87683815283E-02	1.39318E-02	1.15091E-04 
3.92244659865E-02	1.38668E-02	1.18488E-04 
3.96805499484E-02	1.36800E-02	1.17583E-04 
4.01366334081E-02	1.35327E-02	1.18900E-04 
4.05927163599E-02	1.34269E-02	1.18744E-04 
4.1048798798E-02	1.32821E-02	1.17325E-04 
4.15048807165E-02	1.32517E-02	1.19273E-04 
4.19609621098E-02	1.30857E-02	1.16857E-04 
4.24170429721E-02	1.28200E-02	1.17863E-04 
4.28731232976E-02	1.28194E-02	1.16510E-04 
4.33292030805E-02	1.25686E-02	1.16926E-04 
4.37852823151E-02	1.23407E-02	1.16901E-04 
4.42413609956E-02	1.21474E-02	1.13931E-04 
4.46974391162E-02	1.21547E-02	1.17111E-04 
4.51535166711E-02	1.19875E-02	1.13662E-04 
4.56095936547E-02	1.16904E-02	1.14947E-04 
4.6065670061E-02	1.15767E-02	1.13835E-04 
4.65217458843E-02	1.18017E-02	1.13187E-04 
4.6977821119E-02	1.16097E-02	1.15345E-04 
4.74338957591E-02	1.12762E-02	1.11453E-04 
4.7889969799E-02	1.13726E-02	1.13094E-04 
4.83460432328E-02	1.13073E-02	1.11908E-04 
4.88021160548E-02	1.11105E-02	1.11213E-04 
4.92581882592E-02	1.09396E-02	1.12320E-04 
4.97142598403E-02	1.06654E-02	1.08703E-04 
5.01703307922E-02	1.04756E-02	1.11208E-04 
5.06264011092E-02	1.03101E-02	1.08682E-04 
5.10824707856E-02	1.05297E-02	1.09856E-04 
5.15385398156E-02	1.00740E-02	1.08319E-04 
5.19946081933E-02	9.88537E-03	1.06823E-04 
5.24506759131E-02	9.89435E-03	1.08844E-04 
5.29067429691E-02	9.77259E-03	1.05984E-04 
5.33628093556E-02	9.70938E-03	1.07766E-04 
5.38188750668E-02	9.45840E-03	1.06441E-04 
5.4274940097E-02	9.51916E-03	1.05255E-04 
5.47310044403E-02	9.27955E-03	1.06145E-04 
5.51870680911E-02	9.14504E-03	1.04055E-04 
5.56431310434E-02	9.06905E-03	1.05017E-04 
5.60991932917E-02	8.88112E-03	1.03280E-04 
5.655525483E-02	8.74659E-03	1.03713E-04 
5.70113156527E-02	8.68674E-03	1.03294E-04 
5.7467375754E-02	8.61218E-03	1.02057E-04 
5.7923435128E-02	8.54076E-03	1.03442E-04 
5.8379493769E-02	8.28320E-03	1.01477E-04 
5.88355516713E-02	8.27628E-03	1.01192E-04 
5.92916088291E-02	8.29070E-03	1.01249E-04 
5.97476652366E-02	8.03772E-03	1.00326E-04 
6.02037208881E-02	7.82788E-03	1.00884E-04 
6.06597757777E-02	7.81744E-03	9.81104E-05 
6.11158298997E-02	7.87665E-03	1.00154E-04 
6.15718832484E-02	7.48235E-03	9.88934E-05 
6.20279358179E-02	7.48993E-03	9.81898E-05 
6.24839876025E-02	7.35027E-03	9.84501E-05 
6.29400385965E-02	7.36852E-03	9.69441E-05 
6.3396088794E-02	7.15128E-03	9.78671E-05 
6.38521381893E-02	7.09672E-03	9.64842E-05 
6.43081867767E-02	6.86265E-03	9.65806E-05 
6.47642345503E-02	6.84570E-03	9.70465E-05 
6.52202815044E-02	6.76090E-03	9.46876E-05 
6.56763276332E-02	6.63278E-03	9.59067E-05 
6.61323729309E-02	6.59468E-03	9.47217E-05 
6.65884173919E-02	6.61679E-03	9.49861E-05 
6.70444610102E-02	6.54151E-03	9.43637E-05 
6.75005037802E-02	6.25188E-03	9.33210E-05 
6.79565456961E-02	6.32753E-03	9.41563E-05 
6.84125867521E-02	6.06690E-03	9.22699E-05 
6.88686269425E-02	6.18436E-03	9.31179E-05 
6.93246662614E-02	5.92787E-03	9.28178E-05 
6.97807047031E-02	5.78207E-03	9.20932E-05 
7.02367422619E-02	5.83098E-03	9.18027E-05 
7.06927789319E-02	5.75734E-03	9.12960E-05 
7.11488147074E-02	5.63388E-03	9.13258E-05 
7.16048495827E-02	5.51508E-03	9.00616E-05 
7.2060883552E-02	5.55017E-03	9.05843E-05 
7.25169166094E-02	5.50907E-03	9.11308E-05 
7.29729487493E-02	5.34513E-03	8.96178E-05 
7.34289799658E-02	5.46130E-03	9.02976E-05 
7.38850102533E-02	5.23197E-03	8.81253E-05 
7.43410396059E-02	5.08418E-03	8.94501E-05 
7.47970680178E-02	5.02638E-03	8.81013E-05 
7.52530954834E-02	4.97217E-03	8.85377E-05 
7.57091219968E-02	4.87653E-03	8.84259E-05 
7.61651475522E-02	4.82266E-03	8.71028E-05 
7.6621172144E-02	4.61134E-03	8.76158E-05 
7.70771957662E-02	4.75054E-03	8.67545E-05 
7.75332184133E-02	4.63858E-03	8.70408E-05 
7.79892400793E-02	4.45267E-03	8.68412E-05 
7.84452607586E-02	4.50040E-03	8.79512E-05 
7.89012804453E-02	4.40925E-03	8.99790E-05 
7.93572991338E-02	4.31075E-03	8.91095E-05 
7.98133168181E-02	4.25623E-03	9.06165E-05 
8.02693334927E-02	4.16595E-03	9.08038E-05 
8.07253491516E-02	4.06377E-03	9.03648E-05 
8.11813637892E-02	4.21295E-03	9.22307E-05 
8.16373773996E-02	4.03736E-03	9.04439E-05 
8.20933899772E-02	3.91202E-03	9.14763E-05 
8.25494015161E-02	3.91100E-03	9.12104E-05 
8.30054120105E-02	3.90213E-03	9.20269E-05 
8.34614214548E-02	3.92113E-03	9.27451E-05 
8.3917429843E-02	3.72132E-03	9.17136E-05 
8.43734371696E-02	3.46564E-03	9.23852E-05 
8.48294434287E-02	3.54835E-03	9.17134E-05 
8.52854486145E-02	3.38129E-03	9.22367E-05 
8.57414527213E-02	3.58759E-03	9.27291E-05 
8.61974557433E-02	3.37821E-03	9.26896E-05 
8.66534576748E-02	3.37161E-03	9.25001E-05 
8.71094585099E-02	3.38270E-03	8.93492E-05 
8.7565458243E-02	3.36226E-03	8.94801E-05 
8.80214568682E-02	3.08684E-03	8.73602E-05 
8.84774543798E-02	3.15679E-03	8.64555E-05 
8.8933450772E-02	3.11853E-03	8.70031E-05 
8.93894460391E-02	3.15021E-03	8.53703E-05 
8.98454401752E-02	3.09234E-03	8.56907E-05 
9.03014331747E-02	2.89349E-03	8.42213E-05 
9.07574250318E-02	2.85110E-03	8.46672E-05 
9.12134157406E-02	3.00782E-03	8.46289E-05 
9.16694052955E-02	3.03305E-03	8.35060E-05 
9.21253936907E-02	2.77124E-03	8.35850E-05 
9.25813809204E-02	2.81290E-03	8.25059E-05 
9.30373669788E-02	2.65999E-03	8.26081E-05 
9.34933518602E-02	2.71609E-03	8.18413E-05 
9.39493355588E-02	2.62583E-03	8.14007E-05 
9.44053180689E-02	2.72166E-03	8.24686E-05 
9.48612993846E-02	2.54737E-03	8.05078E-05 
9.53172795003E-02	2.47625E-03	8.12592E-05 
9.57732584102E-02	2.60286E-03	8.07376E-05 
9.62292361084E-02	2.68399E-03	8.02725E-05 
9.66852125893E-02	2.44908E-03	8.06138E-05 
9.7141187847E-02	2.38578E-03	7.95443E-05 
9.75971618759E-02	2.34894E-03	7.98488E-05 
9.80531346701E-02	2.30255E-03	7.89776E-05 
9.85091062238E-02	2.38718E-03	7.96435E-05 
9.89650765314E-02	2.35869E-03	7.92139E-05 
9.94210455871E-02	2.33987E-03	7.82674E-05 
9.9877013385E-02	2.43713E-03	7.90430E-05 
1.00332979919E-01	2.04309E-03	7.74836E-05 
1.00788945185E-01	2.19955E-03	7.80097E-05 
1.01244909175E-01	2.08335E-03	7.72242E-05 
1.01700871884E-01	2.09420E-03	7.76529E-05 
1.02156833307E-01	2.12009E-03	7.74189E-05 
1.02612793438E-01	2.13706E-03	7.69748E-05 
1.03068752271E-01	1.93620E-03	7.70008E-05 
1.035247098E-01	1.89730E-03	7.61211E-05 
1.03980666019E-01	1.90847E-03	7.65984E-05 
1.04436620923E-01	1.90580E-03	7.60052E-05 
1.04892574506E-01	1.95934E-03	7.67503E-05 
1.05348526762E-01	1.79771E-03	7.89304E-05 
1.05804477685E-01	1.85975E-03	7.81995E-05 
1.0626042727E-01	1.88479E-03	7.96716E-05 
1.06716375511E-01	1.78561E-03	7.93331E-05 
1.07172322402E-01	1.83589E-03	7.85598E-05 
1.07628267937E-01	1.85604E-03	7.79000E-05 
1.08084212111E-01	1.84286E-03	7.67091E-05 
1.08540154918E-01	1.84055E-03	7.69522E-05 
1.08996096352E-01	1.65604E-03	7.57651E-05 
1.09452036407E-01	1.76081E-03	7.62082E-05 
1.09907975077E-01	1.62052E-03	7.57355E-05 
1.10363912358E-01	1.67763E-03	7.48966E-05 
1.10819848242E-01	1.70682E-03	7.52642E-05 
1.11275782725E-01	1.63073E-03	7.46431E-05 
1.117317158E-01	1.67155E-03	7.48169E-05 
1.12187647462E-01	1.50191E-03	7.40205E-05 
1.12643577705E-01	1.47190E-03	7.36429E-05 
1.13099506523E-01	1.31375E-03	7.28048E-05 
1.13555433911E-01	1.43372E-03	7.32834E-05 
1.14011359862E-01	1.49814E-03	7.30101E-05 
1.14467284371E-01	1.34698E-03	7.24007E-05 
1.14923207432E-01	1.42865E-03	7.25178E-05 
1.1537912904E-01	1.39161E-03	7.22402E-05 
1.15835049189E-01	1.49240E-03	7.22049E-05 
1.16290967872E-01	1.27966E-03	7.17338E-05 
1.16746885085E-01	1.29866E-03	7.16951E-05 
1.1720280082E-01	1.46548E-03	7.18135E-05 
1.17658715074E-01	1.38357E-03	7.16846E-05 
1.18114627839E-01	1.36039E-03	7.10986E-05 
1.18570539111E-01	1.21839E-03	7.12666E-05 
1.19026448883E-01	1.19561E-03	7.03572E-05 
1.19482357149E-01	1.34721E-03	7.10363E-05 
1.19938263904E-01	1.23117E-03	7.07943E-05 
1.20394169142E-01	1.22981E-03	7.05275E-05 
1.20850072858E-01	1.00069E-03	7.04385E-05 
1.21305975045E-01	1.22593E-03	6.98979E-05 
1.21761875698E-01	1.15829E-03	6.99749E-05 
1.22217774811E-01	1.06555E-03	6.94153E-05 
1.22673672379E-01	1.09640E-03	6.97810E-05 
1.23129568394E-01	1.24493E-03	7.00475E-05 
1.23585462853E-01	1.05554E-03	6.90213E-05 
1.24041355749E-01	9.02493E-04	6.91960E-05 
1.24497247075E-01	1.13024E-03	6.88537E-05 
1.24953136828E-01	1.02554E-03	6.92010E-05 
1.25409025E-01	1.10624E-03	6.88728E-05 
1.25864911586E-01	1.18689E-03	6.84812E-05 
1.2632079658E-01	1.00905E-03	6.89194E-05 
1.26776679977E-01	9.09154E-04	6.76385E-05 
1.27232561771E-01	1.11198E-03	6.84511E-05 
1.27688441955E-01	9.13189E-04	6.78156E-05 
1.28144320525E-01	9.64743E-04	6.78789E-05 
1.28600197474E-01	7.87313E-04	6.81003E-05 
1.29056072796E-01	9.92700E-04	6.73872E-05 
1.29511946487E-01	9.50032E-04	6.76270E-05 
1.2996781854E-01	1.03556E-03	6.72437E-05 
1.30423688949E-01	8.22905E-04	6.83687E-05 
1.30879557709E-01	8.12265E-04	6.91489E-05 
1.31335424814E-01	8.34214E-04	6.93574E-05 
1.31791290258E-01	8.06898E-04	6.99139E-05 
1.32247154036E-01	9.01846E-04	6.97538E-05 
1.32703016141E-01	8.02261E-04	7.02118E-05 
1.33158876568E-01	6.87076E-04	7.01977E-05 
1.33614735311E-01	7.29164E-04	7.04183E-05 
1.34070592364E-01	8.26914E-04	7.06474E-05 
1.34526447722E-01	7.18922E-04	7.04245E-05 
1.34982301379E-01	8.55029E-04	7.10516E-05 
1.3543815333E-01	6.72976E-04	7.02488E-05 
1.35894003567E-01	6.65270E-04	7.06082E-05 
1.36349852086E-01	7.05977E-04	7.08128E-05 
1.36805698881E-01	8.41498E-04	7.09388E-05 
1.37261543946E-01	6.95515E-04	7.13994E-05 
1.37717387275E-01	7.54171E-04	7.04647E-05 
1.38173228863E-01	6.58311E-04	7.12210E-05 
1.38629068704E-01	6.26221E-04	7.05328E-05 
1.39084906792E-01	6.27173E-04	7.07437E-05 
1.39540743121E-01	6.87478E-04	7.13141E-05 
1.39996577686E-01	6.03866E-04	7.08289E-05 
1.40452410481E-01	5.36478E-04	7.07827E-05 
1.409082415E-01	6.04639E-04	7.01098E-05 
1.41364070737E-01	5.35163E-04	7.06950E-05 
1.41819898186E-01	7.28279E-04	7.12612E-05 
1.42275723843E-01	6.28715E-04	7.03982E-05 
1.427315477E-01	5.39473E-04	7.13607E-05 
1.43187369753E-01	5.91218E-04	6.99750E-05 
1.43643189995E-01	5.28584E-04	7.08061E-05 
1.44099008421E-01	5.09541E-04	7.04106E-05 
1.44554825026E-01	4.33517E-04	6.98622E-05 
1.45010639802E-01	6.14498E-04	7.12478E-05 
1.45466452745E-01	4.34624E-04	6.96596E-05 
1.45922263849E-01	5.47115E-04	7.10670E-05 
1.46378073108E-01	5.09593E-04	7.01614E-05 
1.46833880516E-01	5.33107E-04	7.01563E-05 
1.47289686068E-01	3.94380E-04	7.04514E-05 
1.47745489758E-01	4.97040E-04	7.00144E-05 
1.48201291579E-01	4.56764E-04	7.05750E-05 
1.48657091527E-01	3.67335E-04	6.95665E-05 
1.49112889596E-01	3.99224E-04	6.97101E-05 
1.49568685779E-01	3.71998E-04	7.01779E-05 
1.50024480071E-01	5.91818E-04	6.98082E-05 
1.50480272467E-01	3.21318E-04	6.99958E-05 
1.5093606296E-01	4.99085E-04	6.98510E-05 
1.51391851545E-01	4.39921E-04	7.01213E-05 
1.51847638216E-01	5.01373E-04	6.97644E-05 
1.52303422967E-01	4.25301E-04	6.93535E-05 
1.52759205793E-01	3.53790E-04	6.96356E-05 
1.53214986688E-01	4.99142E-04	6.94154E-05 
1.53670765646E-01	4.10072E-04	6.97573E-05 
1.5412654266E-01	3.86553E-04	6.89731E-05 
1.54582317727E-01	3.13296E-04	6.87066E-05 
1.55038090839E-01	3.80833E-04	6.89292E-05 
1.55493861992E-01	2.89053E-04	6.82902E-05 
1.55949631179E-01	3.75443E-04	6.89764E-05 
1.56405398394E-01	4.20018E-04	6.80301E-05 
1.56861163632E-01	2.82153E-04	6.84599E-05 
1.57316926887E-01	4.05864E-04	6.89533E-05 
1.57772688153E-01	4.27212E-04	6.80049E-05 
1.58228447425E-01	4.36997E-04	6.87208E-05 
1.58684204697E-01	3.42668E-04	6.77707E-05 
1.59139959963E-01	4.15164E-04	6.86978E-05 
1.59595713218E-01	3.69076E-04	6.83335E-05 
1.60051464454E-01	3.01773E-04	6.79157E-05 
1.60507213668E-01	3.88881E-04	6.80689E-05 
1.60962960853E-01	3.41953E-04	6.77948E-05 
1.61418706003E-01	3.66685E-04	6.88129E-05 
1.61874449112E-01	2.38007E-04	6.73931E-05 
1.62330190176E-01	3.01227E-04	6.81651E-05 
1.62785929188E-01	3.81140E-04	6.79672E-05 
1.63241666142E-01	3.79925E-04	6.76519E-05 
1.63697401032E-01	2.96332E-04	6.82025E-05 
1.64153133854E-01	2.38666E-04	6.70844E-05 
1.646088646E-01	3.45859E-04	6.78746E-05 
1.65064593266E-01	3.61154E-04	6.79301E-05 
1.65520319846E-01	3.44700E-04	6.77145E-05 
1.65976044333E-01	3.10666E-04	6.79050E-05 
1.66431766722E-01	2.30775E-04	6.68593E-05 
1.66887487008E-01	2.61907E-04	6.75695E-05 
1.67343205185E-01	3.51813E-04	6.72751E-05 
1.67798921247E-01	1.93453E-04	6.74647E-05 
1.68254635187E-01	2.91110E-04	6.73695E-05 
1.68710347001E-01	3.23473E-04	6.70129E-05 
1.69166056683E-01	2.33475E-04	6.77593E-05 
1.69621764227E-01	1.61686E-04	6.66661E-05 
1.70077469626E-01	3.59506E-04	6.74509E-05 
1.70533172877E-01	1.30421E-04	6.68248E-05 
1.70988873972E-01	2.26054E-04	6.67566E-05 
1.71444572906E-01	2.08210E-04	6.71182E-05 
1.71900269673E-01	2.33982E-04	6.64485E-05 
1.72355964267E-01	3.21560E-04	6.72741E-05 
1.72811656684E-01	1.39674E-04	6.66391E-05 
1.73267346916E-01	3.44324E-04	6.70050E-05 
1.73723034958E-01	2.60517E-04	6.70626E-05 
1.74178720805E-01	2.26638E-04	6.62929E-05 
1.74634404451E-01	1.45227E-04	6.68677E-05 
1.7509008589E-01	1.86488E-04	6.63887E-05 
1.75545765116E-01	2.25822E-04	6.65596E-05 
1.76001442124E-01	2.48267E-04	6.67456E-05 
1.76457116907E-01	1.82475E-04	6.63135E-05 
1.7691278946E-01	1.85299E-04	6.70024E-05 
1.77368459778E-01	1.97568E-04	6.58284E-05 
1.77824127854E-01	1.72903E-04	6.60071E-05 
1.78279793683E-01	2.07042E-04	6.61331E-05 
1.78735457259E-01	2.03390E-04	6.66168E-05 
1.79191118577E-01	1.78516E-04	6.64145E-05 
1.7964677763E-01	1.76790E-04	6.58906E-05 
1.80102434413E-01	2.93632E-04	6.64750E-05 
1.8055808892E-01	2.31125E-04	6.58689E-05 
1.81013741146E-01	1.89615E-04	6.62186E-05 
1.81469391084E-01	1.88252E-04	6.59495E-05 
1.81925038729E-01	1.72617E-04	6.55596E-05 
1.82380684075E-01	1.76087E-04	6.61701E-05 
1.82836327116E-01	1.07330E-04	6.54912E-05 
1.83291967848E-01	1.00406E-04	6.59172E-05 
1.83747606263E-01	1.36082E-04	6.54609E-05 
1.84203242356E-01	2.00503E-04	6.56137E-05 
1.84658876122E-01	2.91788E-04	6.61934E-05 
1.85114507555E-01	1.38981E-04	6.53020E-05 
1.85570136648E-01	1.73959E-04	6.56912E-05 
1.86025763397E-01	-9.42280E-05	6.47387E-05 
1.86481387795E-01	1.51508E-04	6.56691E-05 
1.86937009838E-01	2.44241E-04	6.59877E-05 
1.87392629518E-01	2.80949E-04	6.50519E-05 
1.8784824683E-01	1.18122E-04	6.56510E-05 
1.88303861769E-01	1.75183E-04	6.51971E-05 
1.88759474329E-01	1.53663E-04	6.51699E-05 
1.89215084504E-01	6.77739E-05	6.52443E-05 
1.89670692288E-01	1.39133E-04	6.47412E-05 
1.90126297676E-01	8.96489E-05	6.52170E-05 
1.90581900662E-01	1.41717E-04	6.52016E-05 
1.9103750124E-01	4.27419E-05	6.48085E-05 
1.91493099404E-01	1.15604E-04	6.49218E-05 
1.91948695149E-01	1.16061E-04	6.48298E-05 
1.92404288469E-01	2.18636E-04	6.52430E-05 
1.92859879358E-01	1.58035E-04	6.46832E-05 
1.93315467811E-01	1.67078E-04	6.48325E-05 
1.93771053821E-01	1.56142E-04	6.45818E-05 
1.94226637384E-01	5.09626E-05	6.47553E-05 
1.94682218492E-01	1.72769E-04	6.49448E-05 
1.95137797141E-01	2.22469E-04	6.43594E-05 
1.95593373325E-01	4.83233E-05	6.46713E-05 
1.96048947038E-01	1.80568E-04	6.46252E-05 
1.96504518275E-01	5.89454E-05	6.43446E-05 
1.96960087028E-01	1.31213E-04	6.45337E-05 
1.97415653294E-01	3.72561E-05	6.41200E-05 
1.97871217066E-01	3.58458E-05	6.44703E-05 
1.98326778338E-01	1.48186E-04	6.43258E-05 
1.98782337105E-01	5.44607E-05	6.41559E-05 
1.99237893361E-01	1.88449E-04	6.42070E-05 
1.996934471E-01	1.50593E-04	6.43550E-05 
2.00148998317E-01	3.07066E-04	6.45254E-05 
2.00604547005E-01	7.29460E-05	6.35721E-05 
2.01060093159E-01	3.98655E-05	6.41371E-05 
2.01515636773E-01	2.38142E-04	6.41473E-05 
2.01971177842E-01	4.54287E-05	6.43964E-05 
2.0242671636E-01	1.33708E-04	6.40614E-05 
2.02882252321E-01	5.96683E-05	6.35080E-05 
2.03337785719E-01	1.09902E-04	6.40026E-05 
2.03793316549E-01	3.06605E-05	6.35309E-05 
2.04248844805E-01	1.10422E-04	6.58176E-05 
2.0470437048E-01	9.50131E-05	6.62093E-05 
2.05159893571E-01	1.52974E-04	6.69888E-05 
2.0561541407E-01	1.16799E-04	6.77611E-05 
2.06070931971E-01	3.82396E-05	6.75146E-05 
2.0652644727E-01	8.82859E-05	6.87305E-05 
2.06981959961E-01	1.26433E-04	6.85729E-05 
2.07437470037E-01	5.82786E-05	6.92848E-05 
2.07892977494E-01	1.07253E-04	6.99646E-05 
2.08348482324E-01	-3.03448E-05	6.92305E-05 
2.08803984524E-01	8.37890E-05	7.02210E-05 
2.09259484086E-01	-1.56701E-05	7.00053E-05 
2.09714981005E-01	1.76727E-04	7.12979E-05 
2.10170475275E-01	8.81014E-05	7.12490E-05 
2.10625966892E-01	3.71755E-05	7.08360E-05 
2.11081455848E-01	2.14233E-04	7.22450E-05 
2.11536942138E-01	8.00312E-05	7.15243E-05 
2.11992425757E-01	1.65583E-04	7.25027E-05 
2.12447906699E-01	2.35971E-04	7.25772E-05 
2.12903384957E-01	2.33013E-04	7.06699E-05 
2.13358860527E-01	1.46999E-04	6.99056E-05 
2.13814333403E-01	7.24919E-05	6.85633E-05 
2.14269803578E-01	1.73829E-04	6.86491E-05 
2.14725271047E-01	6.14352E-05	6.77702E-05 
2.15180735805E-01	9.73994E-05	6.79500E-05 
2.15636197846E-01	1.57051E-04	6.79111E-05 
2.16091657163E-01	1.21865E-04	6.71807E-05 
2.16547113752E-01	8.58966E-05	6.72787E-05 
2.17002567606E-01	1.70421E-04	6.69863E-05 
2.1745801872E-01	1.53932E-04	6.72257E-05 
2.17913467087E-01	1.56196E-04	6.67405E-05 
2.18368912704E-01	1.81617E-04	6.63970E-05 
2.18824355562E-01	4.50929E-05	6.64644E-05 
2.19279795658E-01	4.04086E-05	6.61247E-05 
2.19735232985E-01	6.13619E-07	6.61532E-05 
2.20190667537E-01	1.51984E-04	6.58642E-05 
2.20646099309E-01	2.84205E-04	6.58952E-05 
2.21101528295E-01	1.30973E-04	6.62050E-05 
2.21556954489E-01	-1.28302E-05	6.52364E-05 
2.22012377885E-01	-6.62545E-05	6.52983E-05 
2.22467798479E-01	1.34011E-05	6.49077E-05 
2.22923216263E-01	-2.13800E-05	6.51622E-05 
2.23378631233E-01	3.65414E-05	6.50203E-05 
2.23834043383E-01	6.72551E-05	6.52993E-05 
2.24289452706E-01	2.13984E-04	6.53623E-05 
2.24744859197E-01	8.08346E-05	6.47719E-05 
2.25200262851E-01	1.00191E-04	6.52469E-05 
2.25655663662E-01	6.84704E-05	6.45564E-05 
2.26111061624E-01	5.70182E-05	6.45021E-05 
2.26566456731E-01	8.75983E-05	6.48586E-05 
2.27021848977E-01	2.00963E-04	6.47448E-05 
2.27477238358E-01	9.03704E-05	6.44997E-05 
2.27932624866E-01	7.96694E-05	6.42056E-05 
2.28388008497E-01	5.48669E-05	6.44148E-05 
2.28843389245E-01	1.15573E-05	6.41185E-05 
2.29298767104E-01	4.65219E-05	6.39107E-05 
2.29754142067E-01	1.16869E-04	6.43778E-05 
2.30209514131E-01	9.09591E-05	6.36285E-05 
2.30664883288E-01	4.50165E-05	6.40779E-05 
2.31120249533E-01	1.11613E-04	6.34359E-05 
2.31575612861E-01	1.38187E-04	6.35184E-05 
2.32030973265E-01	1.45089E-04	6.40292E-05 
2.32486330741E-01	1.30585E-04	6.33081E-05 
2.32941685281E-01	1.79057E-04	6.39275E-05 
2.33397036881E-01	1.48019E-04	6.29344E-05 
2.33852385535E-01	1.13614E-04	6.33957E-05 
2.34307731237E-01	1.32211E-04	6.36788E-05 
2.34763073981E-01	1.85281E-04	6.30201E-05 
2.35218413762E-01	7.40163E-05	6.33984E-05 
2.35673750573E-01	8.24162E-05	6.28624E-05 
2.3612908441E-01	5.26371E-05	6.31008E-05 
2.36584415267E-01	5.42760E-05	6.28607E-05 
2.37039743137E-01	1.29384E-04	6.27800E-05 
2.37495068015E-01	8.07340E-05	6.31525E-05 
2.37950389896E-01	-6.73185E-05	6.23454E-05 
2.38405708773E-01	1.16936E-04	6.32889E-05 
2.38861024641E-01	1.63811E-05	6.26962E-05 
2.39316337494E-01	4.57425E-05	6.24881E-05 
2.39771647327E-01	2.24288E-05	6.28004E-05 
2.40226954133E-01	-2.92810E-05	6.22493E-05 
2.40682257907E-01	8.74293E-05	6.28660E-05 
2.41137558644E-01	1.64143E-04	6.24554E-05 
2.41592856338E-01	4.65740E-05	6.22260E-05 
2.42048150982E-01	4.01425E-05	6.24814E-05 
2.42503442571E-01	1.61834E-04	6.21775E-05 
2.429587311E-01	3.50276E-05	6.25004E-05 
2.43414016563E-01	-5.67766E-05	6.15801E-05 
2.43869298954E-01	1.54595E-04	6.20668E-05 
2.44324578267E-01	9.66000E-05	6.18362E-05 
2.44779854496E-01	1.21273E-04	6.16534E-05 
2.45235127637E-01	4.55260E-05	6.15468E-05 
2.45690397683E-01	3.87022E-05	6.13283E-05 
2.46145664628E-01	1.63960E-04	6.16609E-05 
2.46600928467E-01	9.05187E-05	6.13261E-05 
2.47056189194E-01	3.46004E-06	6.12248E-05 
2.47511446803E-01	7.20727E-05	6.09214E-05 
2.4796670129E-01	5.61615E-06	6.08626E-05 
2.48421952646E-01	1.14536E-04	6.09465E-05 
2.48877200869E-01	1.56971E-04	6.05466E-05 
2.4933244595E-01	8.20742E-05	6.06875E-05 
2.49787687886E-01	9.10572E-05	6.05630E-05 
2.50242926669E-01	7.90067E-05	6.08206E-05 
2.50698162295E-01	1.01477E-04	6.06405E-05 
2.51153394758E-01	1.53661E-04	6.02191E-05 
2.51608624051E-01	2.39149E-04	6.08098E-05 
2.5206385017E-01	1.71033E-04	6.04298E-05 
2.52519073108E-01	1.32404E-04	6.06884E-05 
2.5297429286E-01	1.61388E-04	6.03860E-05 
2.53429509421E-01	1.98412E-04	6.01152E-05 
2.53884722783E-01	1.80761E-04	6.05959E-05 
2.54339932943E-01	1.01271E-04	6.00882E-05 
2.54795139893E-01	1.28369E-04	6.03409E-05 
2.55250343628E-01	1.38362E-04	5.99665E-05 
2.55705544144E-01	7.26304E-05	5.99924E-05 
2.56160741433E-01	4.84592E-05	6.01118E-05 
2.5661593549E-01	1.39332E-04	5.99051E-05 
2.5707112631E-01	9.74728E-05	6.01210E-05 
2.57526313886E-01	1.64359E-04	5.99039E-05 
2.57981498213E-01	-4.80941E-06	5.99817E-05 
2.58436679286E-01	5.83847E-05	5.98995E-05 
2.58891857099E-01	3.25112E-05	5.93240E-05 
2.59347031645E-01	2.21528E-04	6.00105E-05 
2.5980220292E-01	1.07452E-04	5.96814E-05 
2.60257370917E-01	9.15234E-05	5.98308E-05 
2.60712535631E-01	4.52245E-05	5.93539E-05 
2.61167697056E-01	1.97017E-05	5.95202E-05 
2.61622855186E-01	8.59992E-05	5.97535E-05 
2.62078010016E-01	8.67804E-05	5.94487E-05 
2.6253316154E-01	7.11256E-05	5.94517E-05 
2.62988309753E-01	5.72071E-05	5.92778E-05 
2.63443454648E-01	2.48644E-04	5.96721E-05 
2.63898596219E-01	1.01626E-04	5.97581E-05 
2.64353734463E-01	1.49824E-04	5.88444E-05 
2.64808869371E-01	1.17619E-04	5.94231E-05 
2.65264000939E-01	1.57169E-04	5.92175E-05 
2.65719129162E-01	1.35409E-04	5.92229E-05 
2.66174254033E-01	1.06714E-05	5.93596E-05 
2.66629375546E-01	1.59724E-04	5.88309E-05 
2.67084493696E-01	4.52345E-05	5.92499E-05 
2.67539608478E-01	3.84824E-05	5.88131E-05 
2.67994719885E-01	9.84687E-05	5.91415E-05 
2.68449827912E-01	1.02060E-04	5.90020E-05 
2.68904932554E-01	6.23238E-05	5.87922E-05 
2.69360033803E-01	-5.82545E-06	5.92754E-05 
2.69815131656E-01	1.43865E-04	5.87533E-05 
2.70270226106E-01	1.84652E-04	5.87313E-05 
2.70725317147E-01	1.32889E-04	5.85909E-05 
2.71180404773E-01	1.78784E-04	5.89975E-05 
2.7163548898E-01	1.58385E-04	5.92031E-05 
2.72090569761E-01	7.49403E-05	5.84117E-05 
2.7254564711E-01	8.91163E-05	5.86213E-05 
2.73000721022E-01	1.51719E-04	5.86315E-05 
2.73455791492E-01	1.61877E-04	5.86345E-05 
2.73910858513E-01	1.85816E-04	5.86251E-05 
2.7436592208E-01	1.83495E-04	5.84263E-05 
2.74820982187E-01	1.68856E-04	5.88219E-05 
2.75276038828E-01	-3.28925E-05	5.83144E-05 
2.75731091998E-01	6.98094E-05	5.83527E-05 
2.76186141691E-01	3.24396E-05	5.79799E-05 
2.76641187901E-01	1.57341E-04	5.83705E-05 
2.77096230623E-01	1.40316E-04	5.85590E-05 
2.7755126985E-01	3.04125E-04	5.85521E-05 
2.78006305578E-01	1.44960E-04	5.81061E-05 
2.78461337801E-01	2.37779E-04	5.80057E-05 
2.78916366512E-01	7.73580E-05	5.81488E-05 
2.79371391707E-01	7.09053E-05	5.81421E-05 
2.79826413379E-01	1.64016E-04	5.81037E-05 
2.80281431522E-01	1.55485E-04	5.82066E-05 
2.80736446132E-01	1.32838E-04	5.79099E-05 
2.81191457202E-01	8.71323E-06	5.78650E-05 
2.81646464726E-01	2.90699E-05	5.75113E-05 
2.821014687E-01	9.88729E-05	5.77865E-05 
2.82556469117E-01	-6.45017E-06	5.79238E-05 
2.83011465971E-01	1.18190E-04	5.77213E-05 
2.83466459258E-01	6.80359E-05	5.79697E-05 
2.8392144897E-01	9.66030E-05	5.74540E-05 
2.84376435103E-01	8.25805E-05	5.78594E-05 
2.84831417651E-01	6.99555E-05	5.77868E-05 
2.85286396608E-01	1.41866E-04	5.75750E-05 
2.85741371969E-01	2.44654E-05	5.73951E-05 
2.86196343727E-01	1.38786E-04	5.75193E-05 
2.86651311877E-01	8.89951E-05	5.75185E-05 
2.87106276414E-01	-4.75856E-05	5.71782E-05 
2.87561237331E-01	1.27352E-04	5.72106E-05 
2.88016194623E-01	9.97521E-05	5.75562E-05 
2.88471148285E-01	1.41892E-04	5.73839E-05 
2.8892609831E-01	2.53712E-06	5.74302E-05 
2.89381044693E-01	1.34327E-04	5.72549E-05 
2.89835987428E-01	5.26515E-05	5.70556E-05 
2.9029092651E-01	1.29999E-04	5.73166E-05 
2.90745861932E-01	1.44697E-04	5.72881E-05 
2.9120079369E-01	1.10811E-04	5.72965E-05 
2.91655721778E-01	4.03412E-05	5.71897E-05 
2.92110646189E-01	5.47274E-05	5.69035E-05 
2.92565566918E-01	1.43092E-04	5.71526E-05 
2.93020483959E-01	1.27881E-04	5.69707E-05 
2.93475397308E-01	1.82534E-04	5.69787E-05 
2.93930306957E-01	1.90713E-04	5.72605E-05 
2.94385212901E-01	1.00482E-04	5.69734E-05 
2.94840115136E-01	1.32629E-04	5.69974E-05 
2.95295013654E-01	1.15855E-04	5.67735E-05 
2.95749908451E-01	5.52784E-06	5.66279E-05 
2.9620479952E-01	9.06377E-05	5.67643E-05 
2.96659686856E-01	6.54335E-05	5.66999E-05 
2.97114570453E-01	1.58329E-04	5.69972E-05 
2.97569450306E-01	8.70741E-05	5.64798E-05 
2.98024326409E-01	1.30469E-04	5.66854E-05 
2.98479198756E-01	3.56033E-05	5.64981E-05 
2.98934067342E-01	1.18328E-04	5.68831E-05 
2.9938893216E-01	4.58197E-05	5.63154E-05 
2.99843793205E-01	5.61747E-06	5.64241E-05 
3.00298650472E-01	1.16347E-04	5.65184E-05 
3.00753503955E-01	1.32252E-04	5.64087E-05 
3.01208353648E-01	2.23583E-05	5.64038E-05 
3.01663199545E-01	1.14581E-04	5.62004E-05 
3.02118041641E-01	-8.33969E-05	5.64556E-05 
3.0257287993E-01	9.82422E-05	5.62894E-05 
3.03027714406E-01	1.25508E-04	5.62972E-05 
3.03482545064E-01	6.73479E-05	5.62347E-05 
3.03937371898E-01	1.29515E-04	5.60998E-05 
3.04392194902E-01	2.12224E-05	5.61254E-05 
3.04847014071E-01	1.06668E-05	5.59528E-05 
3.05301829399E-01	1.33585E-04	5.62729E-05 
3.05756640881E-01	1.66153E-04	5.61929E-05 
3.06211448509E-01	3.89552E-05	5.59605E-05 
3.0666625228E-01	6.91830E-05	5.61041E-05 
3.07121052187E-01	5.01844E-05	5.57620E-05 
3.07575848225E-01	-1.24976E-05	5.60761E-05 
3.08030640387E-01	6.01432E-05	5.58666E-05 
3.08485428669E-01	9.23181E-05	5.58899E-05 
3.08940213064E-01	3.98556E-05	5.58310E-05 
3.09394993567E-01	6.20305E-05	5.56047E-05 
3.09849770173E-01	1.01520E-04	5.60633E-05 
3.10304542875E-01	1.17785E-04	5.56349E-05 
3.10759311667E-01	5.35977E-05	5.57351E-05 
3.11214076545E-01	1.21212E-04	5.58347E-05 
3.11668837502E-01	5.69109E-05	5.55361E-05 
3.12123594533E-01	6.34432E-05	5.56775E-05 
3.12578347633E-01	6.20887E-05	5.54516E-05 
3.13033096794E-01	1.12364E-04	5.56777E-05 
3.13487842013E-01	1.36907E-04	5.57465E-05 
3.13942583282E-01	3.72069E-05	5.53353E-05 
3.14397320597E-01	1.31020E-04	5.58088E-05 
3.14852053952E-01	2.60638E-05	5.49942E-05 
3.15306783341E-01	9.27569E-05	5.53841E-05 
3.15761508758E-01	1.83892E-04	5.55078E-05 
3.16216230198E-01	3.99823E-05	5.53705E-05 
3.16670947655E-01	5.38987E-05	5.56162E-05 
3.17125661124E-01	7.11521E-05	5.50548E-05 
3.17580370598E-01	1.41149E-04	5.55244E-05 
3.18035076072E-01	1.26396E-04	5.50751E-05 
3.18489777541E-01	1.15428E-06	5.51696E-05 
3.18944474998E-01	9.03954E-05	5.52990E-05 
3.19399168439E-01	2.87280E-05	5.49999E-05 
3.19853857856E-01	9.57316E-05	5.52863E-05 
3.20308543246E-01	8.82325E-05	5.49649E-05 
3.20763224601E-01	7.59746E-05	5.49555E-05 
3.21217901917E-01	9.58720E-05	5.52852E-05 
3.21672575188E-01	1.16121E-04	5.49245E-05 
3.22127244407E-01	9.83927E-05	5.52462E-05 
3.2258190957E-01	6.18580E-05	5.46229E-05 
3.23036570671E-01	1.17732E-04	5.50819E-05 
3.23491227704E-01	6.57969E-05	5.47750E-05 
3.23945880663E-01	1.83036E-05	5.47372E-05 
3.24400529542E-01	6.95023E-05	5.48156E-05 
3.24855174337E-01	3.96446E-05	5.48384E-05 
3.25309815041E-01	1.04261E-06	5.48783E-05 
3.25764451649E-01	4.24638E-05	5.44971E-05 
3.26219084154E-01	1.75930E-04	5.49999E-05 
3.26673712552E-01	2.92673E-05	5.44152E-05 
3.27128336837E-01	1.40878E-04	5.47845E-05 
3.27582957003E-01	7.90141E-05	5.47443E-05 
3.28037573044E-01	9.38153E-05	5.46182E-05 
3.28492184955E-01	8.54210E-05	5.48163E-05 
3.2894679273E-01	1.72922E-05	5.43450E-05 
3.29401396363E-01	3.96049E-05	5.58935E-05 
3.29855995849E-01	1.26818E-04	5.69561E-05 
3.30310591182E-01	8.39820E-05	5.66575E-05 
3.30765182356E-01	7.06383E-05	5.78557E-05 
3.31219769366E-01	9.84909E-05	5.76211E-05 
3.31674352206E-01	8.44501E-05	5.85093E-05 
3.3212893087E-01	3.40997E-05	5.81767E-05 
3.32583505353E-01	1.06695E-04	5.87588E-05 
3.3303807565E-01	1.08187E-04	5.94542E-05 
3.33492641753E-01	1.56287E-04	5.91402E-05 
3.33947203658E-01	2.41046E-04	5.99163E-05 
3.3440176136E-01	-4.88053E-05	5.96487E-05 
3.34856314851E-01	-3.86176E-05	5.98933E-05 
3.35310864128E-01	1.24306E-04	6.05319E-05 
3.35765409184E-01	6.46969E-05	6.03854E-05 
3.36219950013E-01	5.26556E-05	6.09055E-05 
3.36674486609E-01	8.03778E-05	6.08713E-05 
3.37129018968E-01	6.16746E-05	6.11541E-05 
3.37583547084E-01	3.41838E-05	6.13680E-05 
3.3803807095E-01	-1.58852E-06	5.91834E-05 
3.38492590561E-01	6.44303E-05	5.92253E-05 
3.38947105912E-01	1.80415E-04	5.86311E-05 
3.39401616997E-01	7.49966E-05	5.87083E-05 
3.39856123809E-01	3.99230E-05	5.79307E-05 
3.40310626345E-01	1.04927E-05	5.78275E-05 
3.40765124597E-01	1.10110E-04	5.79124E-05 
3.4121961856E-01	3.13836E-05	5.75374E-05 
3.41674108229E-01	1.17038E-04	5.89673E-05 
3.42128593598E-01	1.11015E-04	5.94489E-05 
3.42583074661E-01	5.26505E-05	6.03442E-05 
3.43037551412E-01	1.20378E-04	6.05393E-05 
3.43492023847E-01	4.18056E-05	6.03496E-05 
3.43946491958E-01	1.39701E-04	6.10501E-05 
3.44400955742E-01	-2.05221E-06	6.07107E-05 
3.44855415191E-01	7.50463E-05	6.13464E-05 
3.453098703E-01	-4.55841E-05	6.08563E-05 
3.45764321065E-01	-8.04792E-05	6.04986E-05 
3.46218767478E-01	-4.04187E-05	6.12565E-05 
3.46673209534E-01	1.00901E-05	6.07672E-05 
3.47127647229E-01	1.27884E-04	6.15398E-05 
3.47582080555E-01	6.58138E-05	6.10531E-05 
3.48036509507E-01	7.79895E-06	6.12559E-05 
3.48490934081E-01	2.69154E-05	6.15261E-05 
3.48945354269E-01	2.11692E-05	6.08400E-05 
3.49399770067E-01	6.96934E-05	6.15736E-05 
3.49854181469E-01	1.35468E-04	6.12438E-05 
3.50308588469E-01	3.11443E-05	6.15990E-05 
3.50762991061E-01	-1.05738E-05	6.14154E-05 
3.5121738924E-01	-5.74967E-05	6.11656E-05 
3.51671783E-01	-6.90580E-05	6.09927E-05 
3.52126172336E-01	9.22200E-05	6.09842E-05 
3.52580557242E-01	-1.13323E-05	6.10709E-05 
3.53034937712E-01	-5.33221E-05	6.11784E-05 
3.5348931374E-01	1.35310E-04	6.11177E-05 
3.53943685322E-01	-1.09645E-05	6.16706E-05 
3.54398052451E-01	-6.82880E-05	6.05814E-05 
3.54852415121E-01	1.16603E-05	6.12762E-05 
3.55306773327E-01	-7.88242E-06	6.07238E-05 
3.55761127064E-01	5.91023E-05	6.14448E-05 
3.56215476326E-01	7.56546E-05	6.12437E-05 
3.56669821106E-01	7.04680E-05	6.08423E-05 
3.571241614E-01	4.22253E-05	6.09664E-05 
3.57578497202E-01	1.16285E-04	6.08397E-05 
3.58032828506E-01	6.43512E-05	6.11218E-05 
3.58487155306E-01	-3.15972E-05	6.09064E-05 
3.58941477597E-01	6.71760E-05	6.07340E-05 
3.59395795373E-01	1.07018E-04	6.07585E-05 
3.59850108629E-01	1.41062E-04	6.04040E-05 
3.60304417359E-01	3.68690E-05	6.06476E-05 
3.60758721557E-01	-5.88449E-05	6.05967E-05 
3.61213021218E-01	-1.60970E-05	6.05238E-05 
3.61667316335E-01	2.10808E-05	6.08943E-05 
3.62121606904E-01	4.68328E-05	6.01759E-05 
3.62575892919E-01	1.17043E-04	6.08675E-05 
3.63030174374E-01	-4.83840E-05	6.01475E-05 
3.63484451263E-01	-1.53749E-06	6.08098E-05 
3.63938723581E-01	8.89645E-05	6.07655E-05 
3.64392991322E-01	1.03565E-05	6.05460E-05 
3.64847254481E-01	1.50922E-05	6.07026E-05 
3.65301513051E-01	3.90710E-05	6.05571E-05 
3.65755767028E-01	-1.39716E-05	6.09864E-05 
3.66210016405E-01	5.36899E-05	6.05765E-05 
3.66664261177E-01	2.44123E-05	6.09704E-05 
3.67118501339E-01	1.39844E-04	6.11051E-05 
3.67572736884E-01	6.36441E-05	6.06306E-05 
3.68026967807E-01	2.96590E-05	6.09231E-05 
3.68481194102E-01	6.36786E-05	6.08642E-05 
3.68935415765E-01	6.36748E-05	6.11686E-05 
3.69389632788E-01	6.28782E-05	6.11689E-05 
3.69843845167E-01	4.36120E-05	6.07894E-05 
3.70298052896E-01	-7.01139E-05	6.11225E-05 
3.70752255968E-01	-6.51151E-05	6.05341E-05 
3.7120645438E-01	2.56409E-05	6.14384E-05 
3.71660648124E-01	9.35444E-05	6.09407E-05 
3.72114837196E-01	6.97300E-05	6.12360E-05 
3.7256902159E-01	8.60903E-05	6.16663E-05 
3.73023201299E-01	9.42199E-05	6.10653E-05 
3.73477376319E-01	5.13958E-05	6.13946E-05 
3.73931546643E-01	-2.54227E-05	6.06809E-05 
3.74385712267E-01	2.27239E-05	6.13991E-05 
3.74839873184E-01	2.95209E-05	6.15319E-05 
3.75294029389E-01	9.49170E-05	6.11575E-05 
3.75748180877E-01	4.70050E-05	6.16433E-05 
3.76202327641E-01	1.30467E-04	6.11048E-05 
3.76656469676E-01	-9.46528E-05	6.13069E-05 
3.77110606976E-01	5.21953E-05	6.17109E-05 
3.77564739536E-01	2.75858E-06	6.11448E-05 
3.7801886735E-01	-3.86058E-05	6.16129E-05 
3.78472990412E-01	1.05109E-04	6.11480E-05 
3.78927108718E-01	-1.07395E-05	6.16219E-05 
3.7938122226E-01	-6.50602E-05	6.13268E-05 
3.79835331034E-01	6.28080E-05	6.15374E-05 
3.80289435034E-01	-2.59874E-06	6.18867E-05 
3.80743534255E-01	-1.00633E-05	6.11724E-05 
3.8119762869E-01	-9.55977E-06	6.18542E-05 
3.81651718334E-01	8.43111E-05	6.14808E-05 
3.82105803181E-01	1.02443E-04	6.15934E-05 
3.82559883227E-01	4.40389E-05	6.16673E-05 
3.83013958464E-01	4.08209E-05	6.15786E-05 
3.83468028888E-01	4.68843E-05	6.22006E-05 
3.83922094493E-01	4.54743E-05	6.18158E-05 
3.84376155273E-01	-8.92927E-05	6.14437E-05 
3.84830211223E-01	-4.60659E-05	6.15003E-05 
3.85284262337E-01	1.59967E-05	6.16969E-05 
3.8573830861E-01	5.76323E-05	6.24017E-05 
3.86192350035E-01	1.38302E-04	6.13910E-05 
3.86646386607E-01	4.92466E-05	6.22239E-05 
3.87100418321E-01	8.42076E-05	6.16257E-05 
3.87554445171E-01	-4.54657E-05	6.19524E-05 
3.88008467151E-01	-6.88899E-06	6.18976E-05 
3.88462484256E-01	7.78143E-05	6.16597E-05 
3.8891649648E-01	1.04289E-04	6.22548E-05 
3.89370503817E-01	7.42165E-05	6.19452E-05 
3.89824506263E-01	1.64921E-04	6.22384E-05 
3.9027850381E-01	7.90973E-05	6.19809E-05 
3.90732496454E-01	6.80170E-05	6.20057E-05 
3.91186484189E-01	3.48828E-05	6.24326E-05 
3.91640467009E-01	-1.20326E-05	6.18250E-05 
3.92094444909E-01	7.83531E-05	6.21032E-05 
3.92548417883E-01	3.97729E-05	6.19318E-05 
3.93002385926E-01	1.42638E-04	6.23610E-05 
3.93456349031E-01	2.77930E-05	6.25663E-05 
3.93910307194E-01	1.04137E-04	6.16282E-05 
3.94364260408E-01	6.61287E-05	6.26323E-05 
3.94818208668E-01	7.48762E-05	6.20984E-05 
3.95272151969E-01	3.72159E-05	6.24485E-05 
3.95726090305E-01	8.11860E-05	6.21321E-05 
3.96180023669E-01	-3.35929E-05	6.20349E-05 
3.96633952057E-01	1.67691E-05	6.23242E-05 
3.97087875463E-01	1.06372E-04	6.21010E-05 
3.97541793882E-01	1.63465E-04	6.25174E-05 
3.97995707307E-01	-2.04155E-05	6.21740E-05 
3.98449615733E-01	-2.05531E-05	6.20909E-05 
3.98903519155E-01	-7.68483E-05	6.23171E-05 
3.99357417567E-01	8.48122E-06	6.18336E-05 
3.99811310962E-01	8.96435E-05	6.20818E-05 
4.00265199337E-01	1.05226E-04	6.18549E-05 
4.00719082684E-01	1.11194E-04	6.22770E-05 
4.01172960999E-01	6.13859E-05	6.20921E-05 
4.01626834276E-01	6.78771E-05	6.14981E-05 
4.02080702509E-01	4.39839E-05	6.20522E-05 
4.02534565692E-01	-6.34423E-06	6.16705E-05 
4.0298842382E-01	1.97695E-05	6.22224E-05 
4.03442276888E-01	3.64357E-05	6.16683E-05 
4.0389612489E-01	7.92886E-05	6.16749E-05 
4.04349967819E-01	4.21952E-05	6.24409E-05 
4.04803805671E-01	1.11954E-04	6.15619E-05 
4.0525763844E-01	8.99783E-05	6.21565E-05 
4.05711466121E-01	4.40301E-05	6.17714E-05 
4.06165288707E-01	1.01390E-05	6.20896E-05 
4.06619106193E-01	6.31782E-06	6.25462E-05 
4.07072918574E-01	7.04313E-05	6.16248E-05 
4.07526725843E-01	4.22803E-05	6.20990E-05 
4.07980527996E-01	9.75710E-05	6.18544E-05 
4.08434325026E-01	-3.09224E-05	6.22307E-05 
4.08888116929E-01	1.17069E-04	6.25937E-05 
4.09341903698E-01	6.17211E-05	6.17834E-05 
4.09795685327E-01	-7.94259E-05	6.23938E-05 
4.10249461812E-01	3.73245E-05	6.17623E-05 
4.10703233147E-01	4.73593E-05	6.24472E-05 
4.11156999326E-01	-3.15837E-05	6.18399E-05 
4.11610760343E-01	1.63955E-04	6.22481E-05 
4.12064516193E-01	1.23507E-04	6.27195E-05 
4.1251826687E-01	3.90696E-05	6.21830E-05 
4.12972012368E-01	2.10624E-04	6.22748E-05 
4.13425752683E-01	-3.18494E-05	6.20896E-05 
4.13879487808E-01	9.18409E-05	6.23349E-05 
4.14333217738E-01	7.98338E-05	6.24696E-05 
4.14786942468E-01	5.30377E-05	6.23167E-05 
4.1524066199E-01	1.44346E-04	6.25284E-05 
4.15694376301E-01	4.34989E-05	6.22104E-05 
4.16148085394E-01	9.47348E-05	6.27209E-05 
4.16601789264E-01	1.51898E-04	6.23539E-05 
4.17055487906E-01	6.42113E-06	6.24042E-05 
4.17509181313E-01	9.03338E-05	6.27405E-05 
4.17962869479E-01	2.09298E-06	6.22084E-05 
4.18416552401E-01	1.11520E-04	6.26637E-05 
4.18870230071E-01	2.49920E-05	6.19087E-05 
4.19323902484E-01	-7.26039E-05	6.23584E-05 
4.19777569635E-01	1.50016E-04	6.28291E-05 
4.20231231518E-01	1.40379E-04	6.26035E-05 
4.20684888127E-01	1.95958E-04	6.29905E-05 
4.21138539458E-01	-1.71818E-05	6.20083E-05 
4.21592185503E-01	-4.18715E-05	6.26225E-05 
4.22045826258E-01	8.51801E-05	6.27052E-05 
4.22499461717E-01	4.97108E-05	6.24543E-05 
4.22953091875E-01	1.95036E-04	6.30982E-05 
4.23406716725E-01	9.47400E-05	6.24439E-05 
4.23860336263E-01	3.88488E-05	6.27963E-05 
4.24313950482E-01	1.49552E-04	6.25516E-05 
4.24767559378E-01	1.13818E-04	6.26251E-05 
4.25221162944E-01	6.13225E-05	6.29318E-05 
4.25674761174E-01	-1.13555E-05	6.23614E-05 
4.26128354065E-01	-5.81653E-05	6.29971E-05 
4.26581941608E-01	9.33546E-06	6.22215E-05 
4.270355238E-01	5.34302E-06	6.26770E-05 
4.27489100635E-01	3.48919E-05	6.28749E-05 
4.27942672106E-01	7.60395E-06	6.27902E-05 
4.28396238209E-01	1.44066E-04	6.31292E-05 
4.28849798937E-01	2.55437E-05	6.24880E-05 
4.29303354286E-01	6.85867E-05	6.29720E-05 
4.29756904249E-01	2.23194E-05	6.25541E-05 
4.30210448822E-01	-8.00056E-05	6.26309E-05 
4.30663987997E-01	1.08246E-04	6.30663E-05 
4.31117521771E-01	7.77985E-05	6.26952E-05 
4.31571050136E-01	6.03488E-05	6.32127E-05 
4.32024573089E-01	8.16063E-05	6.28025E-05 
4.32478090622E-01	4.01335E-05	6.27357E-05 
4.32931602731E-01	1.03741E-04	6.31016E-05 
4.3338510941E-01	2.03614E-04	6.29475E-05 
4.33838610653E-01	1.25707E-04	6.34654E-05 
4.34292106455E-01	7.37363E-05	6.25060E-05 
4.3474559681E-01	3.35641E-05	6.31735E-05 
4.35199081712E-01	-3.97637E-05	6.29172E-05 
4.35652561156E-01	3.74459E-05	6.29849E-05 
4.36106035137E-01	5.04821E-05	6.31697E-05 
4.36559503649E-01	7.55751E-05	6.27408E-05 
4.37012966685E-01	1.43157E-05	6.32743E-05 
4.37466424242E-01	-3.76696E-05	6.27193E-05 
4.37919876312E-01	1.15734E-05	6.29145E-05 
4.38373322891E-01	5.74443E-06	6.33978E-05 
4.38826763973E-01	1.09287E-05	6.27470E-05 
4.39280199552E-01	-2.63545E-05	6.33789E-05 
4.39733629623E-01	-5.69073E-05	6.28922E-05 
4.4018705418E-01	9.53477E-05	6.30552E-05 
4.40640473217E-01	2.28323E-05	6.30140E-05 
4.4109388673E-01	-4.34778E-06	6.30264E-05 
4.41547294712E-01	1.42354E-04	6.36604E-05 
4.42000697158E-01	3.70422E-05	6.27084E-05 
4.42454094062E-01	3.63296E-06	6.31847E-05 
4.42907485418E-01	-6.26161E-06	6.32288E-05 
4.43360871222E-01	1.65360E-04	6.37239E-05 
4.43814251467E-01	3.99970E-05	6.31697E-05 
4.44267626149E-01	-5.29786E-05	6.27042E-05 
4.4472099526E-01	1.11033E-04	6.37417E-05 
4.45174358797E-01	1.10968E-05	6.31270E-05 
4.45627716752E-01	7.29899E-05	6.36824E-05 
4.46081069122E-01	1.39523E-05	6.30706E-05 
4.46534415899E-01	-6.52920E-08	6.32150E-05 
4.46987757079E-01	1.12431E-04	6.36996E-05 
4.47441092656E-01	4.15683E-05	6.30026E-05 
4.47894422624E-01	1.27045E-04	6.36422E-05 
4.48347746978E-01	1.78731E-05	6.31550E-05 
4.48801065712E-01	1.07705E-04	6.36159E-05 
4.4925437882E-01	2.90616E-05	6.38993E-05 
4.49707686298E-01	3.92932E-05	6.27489E-05 
4.50160988139E-01	1.14667E-04	6.40425E-05 
4.50614284339E-01	-6.78165E-06	6.30953E-05 
4.5106757489E-01	-7.27477E-05	6.34913E-05 
4.51520859789E-01	1.01522E-04	6.37515E-05 
4.51974139028E-01	7.87691E-05	6.29480E-05 
4.52427412603E-01	8.00900E-05	6.40916E-05 
4.52880680508E-01	1.67123E-05	6.33556E-05 
4.53333942738E-01	9.23325E-05	6.36728E-05 
4.53787199287E-01	1.16745E-04	6.37358E-05 
4.54240450149E-01	-6.80056E-07	6.34099E-05 
4.54693695319E-01	1.91196E-05	6.68135E-05 
4.55146934791E-01	1.57556E-04	6.69259E-05 
4.5560016856E-01	8.73283E-05	6.87694E-05 
4.56053396619E-01	1.52699E-04	6.98004E-05 
4.56506618965E-01	1.48994E-04	7.03565E-05 
4.5695983559E-01	7.18145E-05	7.19142E-05 
4.5741304649E-01	7.57729E-05	7.10111E-05 
4.57866251659E-01	-2.56316E-05	7.29565E-05 
4.5831945109E-01	-2.63489E-05	7.30128E-05 
4.5877264478E-01	6.98533E-05	7.42263E-05 
4.59225832722E-01	1.41967E-05	7.43376E-05 
4.5967901491E-01	2.61848E-06	7.52867E-05 
4.6013219134E-01	1.79980E-05	7.62075E-05 
4.60585362004E-01	-5.29144E-05	7.61577E-05 
4.61038526899E-01	8.92849E-05	7.72474E-05 
4.61491686018E-01	1.39048E-04	7.76050E-05 
4.61944839356E-01	4.73166E-05	7.89380E-05 
4.62397986907E-01	1.19353E-04	7.97392E-05 
4.62851128666E-01	-9.59850E-06	7.90146E-05 
4.63304264627E-01	1.95962E-04	8.05013E-05 
4.63757394784E-01	7.97516E-06	8.03343E-05 
4.64210519133E-01	1.08543E-04	8.24463E-05 
4.64663637667E-01	1.79133E-04	8.23772E-05 
4.6511675038E-01	1.90005E-07	8.29446E-05 
4.65569857268E-01	7.35238E-05	8.34675E-05 
4.66022958325E-01	-8.61302E-05	8.36155E-05 
4.66476053545E-01	8.87915E-06	8.44759E-05 
4.66929142923E-01	8.14602E-05	8.45168E-05 
4.67382226453E-01	1.33971E-05	8.58811E-05 
4.67835304129E-01	-1.05360E-04	8.59645E-05 
4.68288375946E-01	1.57116E-05	8.70084E-05 
4.68741441899E-01	1.11953E-05	8.70203E-05 
4.69194501981E-01	-9.67816E-05	8.83017E-05 
4.69647556188E-01	-4.62780E-05	8.85049E-05 
4.70100604514E-01	4.75136E-05	9.00678E-05 
4.70553646953E-01	-9.46295E-05	8.91579E-05 
4.71006683499E-01	1.32970E-04	9.16970E-05 
4.71459714148E-01	1.89815E-04	9.20948E-05 
4.71912738893E-01	-9.67949E-05	9.13925E-05 
4.72365757729E-01	3.21943E-05	9.37934E-05 
4.72818770651E-01	6.54394E-05	9.20432E-05 
4.73271777653E-01	1.92897E-04	9.48659E-05 
4.73724778728E-01	4.37248E-05	9.41618E-05 
4.74177773873E-01	1.75494E-04	9.44244E-05 
4.74630763081E-01	3.34149E-05	9.37374E-05 
4.75083746347E-01	-1.20349E-04	9.38659E-05 
4.75536723665E-01	1.72308E-05	9.59134E-05 
4.75989695029E-01	-2.00022E-04	9.39582E-05 
4.76442660435E-01	3.76256E-05	9.48982E-05 
4.76895619876E-01	5.14530E-05	9.51430E-05 
4.77348573347E-01	3.86238E-05	9.49694E-05 
4.77801520842E-01	2.09284E-04	9.64777E-05 
4.78254462357E-01	3.30959E-05	9.49461E-05 
4.78707397885E-01	1.30342E-05	9.61271E-05 
4.7916032742E-01	7.80907E-05	9.57584E-05 
4.79613250958E-01	1.12323E-04	9.70725E-05 
4.80066168492E-01	-8.22925E-06	9.61430E-05 
4.80519080018E-01	6.23116E-05	9.62216E-05 
4.80971985529E-01	4.32583E-05	9.78715E-05 
4.81424885021E-01	5.09491E-05	9.73482E-05 
4.81877778486E-01	-5.77854E-06	9.86685E-05 
4.82330665921E-01	5.82995E-05	9.72942E-05 
4.8278354732E-01	1.09271E-04	9.85193E-05 
4.83236422676E-01	1.49923E-04	1.00349E-04 
4.83689291985E-01	1.61329E-05	9.86799E-05 
4.8414215524E-01	1.42513E-04	9.93340E-05 
4.84595012437E-01	-3.76907E-05	9.98308E-05 
4.85047863569E-01	1.30615E-04	1.00598E-04 
4.85500708632E-01	2.08942E-05	1.01952E-04 
4.85953547619E-01	-1.36877E-06	1.00278E-04 
4.86406380526E-01	9.51339E-05	1.00782E-04 
4.86859207346E-01	1.88848E-04	1.02854E-04 
4.87312028074E-01	1.81105E-04	1.02975E-04 
4.87764842705E-01	6.73130E-05	1.03650E-04 
4.88217651233E-01	6.46687E-05	1.02275E-04 
4.88670453652E-01	-4.71367E-05	1.02968E-04 
4.89123249957E-01	1.90451E-04	1.05072E-04 
4.89576040143E-01	2.47985E-04	1.04279E-04 
4.90028824203E-01	1.60212E-04	1.04731E-04 
4.90481602133E-01	1.13525E-04	1.05509E-04 
4.90934373926E-01	6.15113E-05	1.05095E-04 
4.91387139578E-01	2.04030E-04	1.06834E-04 
4.91839899083E-01	-5.88165E-06	1.05110E-04 
4.92292652434E-01	2.50230E-04	1.07156E-04 
4.92745399628E-01	1.82260E-04	1.08124E-04 
4.93198140657E-01	1.64477E-05	1.07191E-04 
4.93650875517E-01	7.11192E-06	1.07756E-04 
4.94103604202E-01	7.09441E-05	1.07351E-04 
4.94556326707E-01	1.53867E-04	1.09394E-04 
4.95009043026E-01	-7.87232E-05	1.09506E-04 
4.95461753153E-01	1.19034E-04	1.09267E-04 
4.95914457083E-01	-8.36593E-05	1.09447E-04 
4.96367154811E-01	-7.14892E-05	1.10303E-04 
4.9681984633E-01	1.43489E-04	1.11274E-04 
4.97272531636E-01	8.63318E-05	1.11669E-04 
4.97725210723E-01	2.06573E-04	1.10700E-04 
4.98177883585E-01	2.28961E-04	1.13419E-04 
4.98630550216E-01	-1.42119E-04	1.12297E-04 
4.99083210612E-01	2.59348E-04	1.14207E-04 
4.99535864767E-01	1.19375E-04	1.13542E-04 
4.99988512675E-01	2.31072E-04	1.13247E-04 
5.00441154331E-01	2.65426E-04	1.15661E-04 
5.00893789729E-01	-4.56973E-05	1.15712E-04 
5.01346418863E-01	-3.88178E-05	1.14049E-04 
5.01799041729E-01	2.51561E-04	1.16738E-04 
5.0225165832E-01	-1.44339E-04	1.15658E-04 
5.02704268631E-01	-2.35779E-05	1.17683E-04 
5.03156872657E-01	1.51807E-04	1.17022E-04 
5.03609470392E-01	2.60252E-04	1.17666E-04 
5.04062061831E-01	2.99910E-04	1.19845E-04 
5.04514646967E-01	-1.50307E-05	1.19196E-04 
5.04967225796E-01	4.54514E-05	1.18595E-04 
5.05419798312E-01	2.67175E-05	1.19851E-04 
5.05872364509E-01	-6.95251E-05	1.20323E-04 
5.06324924382E-01	-7.26606E-05	1.21017E-04 
5.06777477926E-01	3.48947E-05	1.21402E-04 
5.07230025134E-01	-2.44385E-05	1.21337E-04 
5.07682566002E-01	-4.15898E-06	1.22181E-04 
5.08135100524E-01	-7.30041E-06	1.22751E-04 
5.08587628694E-01	-2.34165E-04	1.23471E-04 
5.09040150507E-01	2.05785E-04	1.24495E-04 
5.09492665957E-01	-2.19235E-05	1.24252E-04 
5.09945175039E-01	1.79766E-04	1.26041E-04 
5.10397677747E-01	3.88704E-04	1.25712E-04 
5.10850174076E-01	3.99730E-04	1.27695E-04 
5.11302664021E-01	1.92117E-04	1.27645E-04 
5.11755147575E-01	1.58262E-04	1.27631E-04 
5.12207624733E-01	2.40263E-04	1.29170E-04 
5.1266009549E-01	3.18810E-04	1.28345E-04 
5.1311255984E-01	-5.86286E-05	1.29393E-04 
5.13565017778E-01	6.43887E-05	1.30222E-04 
5.14017469298E-01	-2.35057E-04	1.30344E-04 
5.14469914394E-01	-7.67823E-06	1.31577E-04 
5.14922353062E-01	7.06637E-05	1.31696E-04 
5.15374785296E-01	1.59264E-05	1.31311E-04 
5.15827211089E-01	1.81157E-06	1.33285E-04 
5.16279630438E-01	-2.78062E-05	1.34635E-04 
5.16732043335E-01	-1.35107E-05	1.34807E-04 
5.17184449776E-01	1.28089E-04	1.34766E-04 
5.17636849755E-01	1.03419E-05	1.35703E-04 
5.18089243267E-01	8.18355E-05	1.36478E-04 
5.18541630306E-01	1.46457E-04	1.37787E-04 
5.18994010866E-01	1.78843E-04	1.37923E-04 
5.19446384943E-01	-5.05666E-05	1.38514E-04 
5.1989875253E-01	2.25608E-04	1.39194E-04 
5.20351113622E-01	1.51843E-04	1.41051E-04 
5.20803468214E-01	-8.26024E-07	1.41059E-04 
5.212558163E-01	2.74246E-04	1.41707E-04 
5.21708157874E-01	2.41059E-04	1.43244E-04 
5.22160492932E-01	9.03173E-05	1.43594E-04 
5.22612821467E-01	-2.23039E-05	1.44067E-04 
5.23065143474E-01	7.45475E-05	1.44863E-04 
5.23517458947E-01	-1.34608E-04	1.44751E-04 
5.23969767882E-01	1.63249E-04	1.46787E-04 
5.24422070272E-01	4.21474E-05	1.47274E-04 
5.24874366113E-01	3.62023E-04	1.50405E-04 
5.25326655398E-01	2.25317E-04	1.49205E-04 
5.25778938122E-01	3.91340E-05	1.48912E-04 
5.26231214279E-01	1.81270E-04	1.51978E-04 
5.26683483865E-01	-1.47982E-05	1.50565E-04 
5.27135746873E-01	9.77925E-05	1.53641E-04 
5.27588003299E-01	3.53056E-05	1.55152E-04 
5.28040253135E-01	-5.57830E-05	1.53208E-04 
5.28492496378E-01	3.11616E-04	1.56721E-04 
5.28944733022E-01	-5.13342E-06	1.55796E-04 
5.29396963061E-01	1.29133E-04	1.58762E-04 
5.29849186489E-01	-1.94793E-05	1.58800E-04 
5.30301403301E-01	-1.55030E-04	1.57638E-04 
5.30753613492E-01	-1.11246E-04	1.61285E-04 
5.31205817056E-01	1.45689E-04	1.61537E-04 
5.31658013988E-01	-6.32058E-05	1.62746E-04 
5.32110204282E-01	2.83764E-06	1.64916E-04 
5.32562387932E-01	2.69481E-05	1.62658E-04 
5.33014564934E-01	2.16114E-04	1.68547E-04 
5.33466735281E-01	-2.06560E-05	1.65619E-04 
5.33918898969E-01	2.60569E-04	1.70785E-04 
5.34371055991E-01	9.09124E-05	1.70523E-04 
5.34823206342E-01	-2.52241E-04	1.68139E-04 
5.35275350018E-01	1.56986E-04	1.75287E-04 
5.35727487011E-01	-4.67945E-06	1.70677E-04 
5.36179617317E-01	-2.39584E-04	1.75676E-04 
5.3663174093E-01	-1.08066E-04	1.78513E-04 
5.37083857845E-01	2.15025E-04	1.75396E-04 
5.37535968056E-01	-3.39025E-04	1.80252E-04 
5.37988071559E-01	1.02391E-04	1.78711E-04 
5.38440168346E-01	-7.12695E-05	1.83153E-04 
5.38892258413E-01	7.59266E-07	1.85739E-04 
5.39344341755E-01	4.78696E-05	1.81676E-04 
5.39796418365E-01	2.45616E-04	1.91412E-04 
5.40248488239E-01	2.27272E-04	1.85741E-04 
5.4070055137E-01	7.97632E-05	1.91698E-04 
5.41152607754E-01	9.86515E-05	1.95395E-04 
5.41604657385E-01	-7.40446E-05	1.88731E-04 
5.42056700258E-01	-8.53494E-05	1.97495E-04 
5.42508736366E-01	4.00679E-04	1.96677E-04 
5.42960765705E-01	3.26550E-04	2.00120E-04 
5.43412788269E-01	-4.22937E-05	2.03618E-04 
5.43864804052E-01	3.52572E-04	2.01785E-04 
5.44316813049E-01	-9.83812E-05	2.06602E-04 
5.44768815255E-01	9.57076E-05	2.06405E-04 
5.45220810664E-01	6.90016E-04	2.10612E-04 
5.4567279927E-01	6.12584E-05	2.16402E-04 
5.46124781069E-01	5.55951E-05	2.12379E-04 
5.46576756054E-01	3.26941E-04	2.17556E-04 
5.47028724221E-01	1.79900E-04	2.19100E-04 
5.47480685563E-01	-1.38173E-04	2.19698E-04 
5.47932640075E-01	2.32431E-05	2.27197E-04 
5.48384587753E-01	-1.57698E-05	2.25638E-04 
5.48836528589E-01	3.21724E-04	2.29664E-04 
5.49288462579E-01	2.26733E-04	2.35613E-04 
5.49740389718E-01	-5.34042E-04	2.31189E-04 
5.50192309999E-01	4.96665E-05	2.39466E-04 
5.50644223418E-01	8.03366E-05	2.44082E-04 
5.51096129968E-01	-4.84682E-05	2.44061E-04 
5.51548029645E-01	1.77801E-04	2.53295E-04 
5.51999922443E-01	-2.86190E-05	2.48815E-04 
5.52451808357E-01	-6.95315E-04	2.56029E-04 
5.5290368738E-01	2.95301E-04	2.62309E-04 
5.53355559508E-01	-3.87434E-04	2.61285E-04 
5.53807424736E-01	1.00155E-04	2.72070E-04 
5.54259283056E-01	1.88452E-04	2.74719E-04 
5.54711134465E-01	-8.77137E-05	2.77477E-04 
5.55162978957E-01	8.10960E-04	2.92138E-04 
5.55614816526E-01	1.61792E-04	2.88935E-04 
5.56066647166E-01	2.31659E-04	3.01212E-04 
5.56518470873E-01	3.61541E-04	3.01139E-04 
5.56970287641E-01	1.39341E-04	3.12142E-04 
5.57422097464E-01	-2.58950E-04	3.12869E-04 
5.57873900337E-01	2.81867E-04	3.23648E-04 
5.58325696254E-01	-3.35568E-05	3.32823E-04 
5.5877748521E-01	-3.23652E-05	3.36760E-04 
5.592292672E-01	-1.62099E-04	3.53750E-04 
5.59681042218E-01	2.54655E-04	3.56222E-04 
5.60132810258E-01	4.03638E-05	3.69630E-04 
5.60584571315E-01	-6.78673E-04	3.76090E-04 
5.61036325384E-01	2.23864E-04	3.95162E-04 
5.6148807246E-01	3.08766E-04	4.25673E-04 
5.61939812536E-01	8.28544E-04	4.22537E-04 
5.62391545607E-01	-2.79395E-05	4.40564E-04 
5.62843271668E-01	-5.02952E-04	4.78217E-04 
5.63294990713E-01	1.86940E-04	4.84635E-04 
5.63746702738E-01	-3.11811E-04	5.20970E-04 
5.64198407735E-01	2.79808E-05	5.56711E-04 
5.64650105701E-01	-3.39044E-04	6.17576E-04 
5.65101796629E-01	7.78134E-04	6.54809E-04 
5.65553480515E-01	8.86925E-05	7.08389E-04 
5.66005157351E-01	-6.83217E-04	8.55156E-04 
